<svg version="1.1" width="162" height="93" viewBox="-1 0 162 93" xmlns="http://www.w3.org/2000/svg" xmlns:xlink="http://www.w3.org/1999/xlink">
  <!-- Exported by Scratch - http://scratch.mit.edu/ -->
  <g id="g181" transform="matrix(1, 0, 0, 1, -50, -59)">
    <g id="g179">
      <g id="g154">
        <g id="g152">
          <g id="g130">
            <g id="g128">
              <g id="g105">
                <g id="g103">
                  <g id="g87">
                    <g id="g85">
                      <g id="g60">
                        <g id="g58">
                          <path id="path21" fill="#FF2323" stroke="#000000" stroke-width="1.3" stroke-linecap="butt" stroke-linejoin="miter" d="M 33.572 232.167 C 33.572 232.167 69.820 232.654 74.442 229.248 C 74.442 229.248 83.930 234.235 83.930 232.776 C 83.930 232.776 82.449 230.456 83.574 228.618 C 83.649 228.580 83.424 232.669 88.901 231.956 C 88.901 231.956 89.613 230.831 92.652 231.319 L 92.802 231.694 C 92.802 231.694 93.890 231.694 93.890 229.593 C 93.890 229.593 95.615 231.093 93.890 232.819 L 95.653 232.781 L 94.565 234.282 L 94.565 234.695 L 95.428 235.670 L 95.390 238.558 L 95.390 238.971 L 98.016 242.984 C 98.016 242.984 98.316 245.010 97.378 245.798 L 94.865 246.398 L 93.214 244.972 C 93.214 244.972 89.763 245.235 87.400 243.922 L 85.300 245.123 L 84.512 245.123 L 83.724 245.160 C 83.724 245.160 80.198 253 79.861 253.112 L 76.747 252.962 L 76.260 252.962 L 76.597 259.677 L 75.997 260.239 L 76.785 265.566 C 76.785 265.566 76.972 266.729 77.835 266.879 C 77.835 266.879 78.173 267.329 78.060 267.779 C 78.060 267.779 80.573 269.167 80.686 269.617 C 80.798 270.067 76.597 269.505 76.597 269.505 C 76.597 269.505 77.197 268.229 76.635 268.079 L 76.485 267.479 C 76.485 267.479 75.809 266.391 74.346 265.979 C 74.346 265.979 74.909 262.790 74.684 261.965 C 74.459 261.140 73.146 256.001 73.146 256.001 L 72.508 259.152 L 71.458 260.427 L 71.233 267.404 C 71.233 267.404 74.084 269.392 74.384 269.917 C 74.684 270.442 69.470 269.880 69.395 269.580 C 69.320 269.279 70.108 269.167 69.433 267.892 L 68.945 267.254 C 68.945 267.254 70.633 262.002 69.845 260.689 C 69.057 259.377 68.832 256.863 68.832 256.863 L 68.870 252.775 C 68.870 252.775 68.870 251.874 68.082 250.412 C 68.082 250.412 57.473 257.079 47.905 252.234 C 47.905 252.234 47.722 253.057 47.082 253.636 L 48.270 255.099 C 48.270 255.099 48.545 255.800 47.813 255.678 L 46.289 254.276 C 46.289 254.276 45.985 254.703 45.375 254.611 L 45.071 254.550 L 45.436 255.982 C 45.436 255.982 45.589 256.683 44.918 256.470 C 44.918 256.470 44.400 255.739 44.370 254.794 L 43.699 254.763 C 43.699 254.763 43.059 259.974 43.394 261.132 C 43.394 261.132 44.126 265.734 47.417 267.014 C 47.417 267.014 47.173 267.288 47.082 267.684 C 47.082 267.684 49.794 269.665 50.282 270.183 C 50.769 270.701 45.528 270.396 45.436 269.878 C 45.436 269.878 45.101 269.360 45.406 267.989 L 45.406 267.989 C 45.406 267.989 45.619 267.410 43.973 267.380 C 43.973 267.380 41.475 260.736 38.945 259.853 L 38.641 253.636 L 37.574 252.844 L 34.588 258.695 C 34.588 258.695 33.186 260.249 32.851 261.285 C 32.851 261.285 32.972 267.837 33.612 268.020 C 34.252 268.202 36.690 270.457 36.690 270.457 C 36.690 270.457 32.393 270.366 32.028 269.665 C 31.662 268.964 32.607 268.416 32.607 268.416 C 32.607 268.416 31.662 267.227 30.900 267.166 C 30.900 267.166 33.155 262.321 30.931 255.434 C 30.931 255.434 30.474 254.703 30.748 253.331 C 30.748 253.331 34.344 247.206 33.155 241.203 C 33.155 241.203 31.479 238.125 31.540 236.144 C 31.540 236.144 30.565 236.114 29.559 241.233 L 29.773 253.484 C 29.773 253.484 29.864 256.470 25.994 256.927 C 25.994 256.927 28.249 256.165 29.133 253.666 C 29.133 253.666 28.249 255.099 26.847 254.946 C 26.847 254.946 26.573 256.043 23.709 255.921 C 23.709 255.921 25.415 255.556 25.872 255.129 C 25.872 255.129 23.830 255.251 23.587 254.916 C 23.587 254.916 26.482 255.221 27.365 253.179 C 27.365 253.179 26.025 255.068 23.404 253.941 C 23.404 253.941 27.183 254.520 28.005 250.954 C 28.005 250.954 26.664 252.844 24.074 252.996 C 24.074 252.996 26.116 252.173 26.512 251.472 C 26.512 251.472 24.257 252.112 23.556 251.747 C 23.556 251.747 27.762 251.472 28.249 247.694 L 28.706 241.172 C 28.706 241.172 28.676 237.424 31.266 234.956 C 31.266 234.956 30.992 232.243 33.308 231.299 C 33.308 231.299 34.232 231.482 33.572 232.167 Z " transform="matrix(2.1159348487854004, -0.024550819769501686, 0.024550819769501686, 2.1159348487854004, -4.2, -421.1)"/>
                          <path id="path54" fill="#FF2323" stroke="#000000" stroke-width="1.3" stroke-linecap="butt" stroke-linejoin="miter" d="M 38.641 253.636 C 38.641 253.636 38.671 252.326 36.843 249.309 C 36.843 249.309 39.220 249.918 38.762 249.217 C 38.762 249.217 39.128 248.943 38.762 248.273 C 38.397 247.602 37.391 247.602 37.635 245.987 C 37.879 244.372 41.200 244.890 41.597 245.164 C 41.597 245.164 42.267 245.408 41.840 245.804 L 40.987 247.054 L 42.572 250.467 C 42.572 250.467 42.907 251.686 42.419 252.356 C 42.419 252.356 41.962 253.270 42.176 253.666 C 42.176 253.666 42.236 256.836 42.389 258.603 L 40.317 257.354 C 40.317 257.354 41.779 261.559 43.547 263.570 L 46.137 267.684 L 45.589 267.715 C 45.589 267.715 45.680 266.983 44.095 267.105 C 44.095 267.105 40.560 259.731 38.945 259.853 Z " transform="matrix(2.1159348487854004, -0.024550819769501686, 0.024550819769501686, 2.1159348487854004, -4.2, -421.1)"/>
                        </g>
                      </g>
                      <path id="path78" fill="none" stroke="#000000" stroke-width="1.3" stroke-linecap="butt" stroke-linejoin="miter" d="M 45.710 250.223 C 45.710 250.223 45.101 252.295 44.522 252.691 C 44.522 252.691 44.705 253.148 45.893 253.392 C 45.893 253.392 47.112 253.026 46.960 251.533 C 46.960 251.533 46.503 250.619 45.710 250.223 Z " transform="matrix(2.1159348487854004, -0.024550819769501686, 0.024550819769501686, 2.1159348487854004, -4.2, -421.1)"/>
                    </g>
                  </g>
                  <path id="path93" fill="none" stroke="#000000" stroke-width="1.3" stroke-linecap="butt" stroke-linejoin="miter" d="M 33.460 232.853 C 33.460 232.853 32.211 238.582 35.014 244.250 C 35.014 244.250 35.319 244.921 35.837 245.286 C 35.837 245.286 34.831 242.208 37.147 238.887 L 37.147 238.369 C 37.147 238.369 35.685 236.540 34.435 236.449 C 33.186 236.357 34.466 234.041 35.563 234.499 C 35.563 234.499 39.585 239.557 43.364 240.045 C 43.364 240.045 45.253 241.904 44.918 243.702 C 44.918 243.702 48.087 244.372 48.331 246.018 C 48.331 246.018 48.758 246.962 46.808 247.176 L 45.924 248.791 C 45.924 248.791 47.691 250.314 47.326 250.619 L 49.459 251.350 C 49.459 251.350 49.763 248.455 52.537 248.577 C 52.537 248.577 54.731 247.846 53.725 245.256 C 53.725 245.256 53.390 243.976 51.531 242.452 C 51.531 242.452 52.567 240.898 53.451 242.483 C 54.335 244.067 57.290 245.164 57.290 245.164 C 57.290 245.164 61.374 247.633 60.551 249.522 C 59.728 251.411 59.515 251.107 58.601 251.564 L 58.083 251.777 C 58.083 251.777 60.795 252.387 65.031 250.771 C 65.031 250.771 63.812 249.217 66.859 249.431 C 66.859 249.431 68.078 249.004 67.316 246.718 C 67.316 246.718 64.665 244.768 68.718 241.843 C 68.718 241.843 70.486 241.721 70.790 239.588 C 70.790 239.588 70.181 234.011 71.705 234.438 C 71.705 234.438 73.015 234.559 71.765 235.474 C 70.516 236.388 74.325 240.075 74.325 240.075 C 74.325 240.075 76.337 242.635 68.901 246.871 C 68.901 246.871 68.413 247.115 68.078 247.084 C 67.743 247.054 68.139 249.583 68.139 249.583 C 68.139 249.583 68.749 251.076 68.779 251.716 C 68.810 252.356 69.114 256.318 68.962 256.958 C 68.810 257.598 69.785 260.614 69.785 260.614 C 69.785 260.614 70.912 261.041 68.992 267.227 C 68.992 267.227 70.181 268.233 70.790 267.654 C 71.400 267.075 70.547 261.498 70.547 261.498 C 70.547 261.498 70.364 259.883 70.729 260.127 C 70.729 260.127 71.765 259.548 71.979 258.390 C 72.192 257.232 71.826 255.861 71.826 255.861 C 71.826 255.861 73.868 252.356 73.502 249.949 C 73.502 249.949 72.284 248.212 72.649 248.181 C 72.649 248.181 73.899 246.627 75.300 247.937 L 75.179 250.650 L 76.001 250.650 C 76.001 250.650 77.251 249.613 78.317 249.400 C 79.384 249.187 79.079 250.802 79.079 250.802 L 77.921 252.417 L 79.689 252.417 C 79.689 252.417 82.462 247.876 82.127 247.267 C 82.127 247.267 78.409 247.907 77.220 245.987 C 77.220 245.987 80.572 244.616 80.755 242.909 C 80.755 242.909 81.029 242.208 79.323 241.325 C 79.323 241.325 78.957 239.374 80.572 238.551 C 80.572 238.551 82.340 241.751 83.254 241.325 C 83.254 241.325 84.717 241.934 84.656 243.275 C 84.656 243.275 85.997 244.311 86.362 243.275 C 86.362 243.275 87.094 242.544 86.423 242.239 C 85.753 241.934 85.783 238.308 85.783 238.308 C 85.783 238.308 85.875 234.559 86.850 233.615 L 85.296 233.249 C 85.296 233.249 83.010 236.418 84.869 239.222 L 84.778 239.557 L 84.168 239.588 C 84.168 239.588 82.096 238.734 82.127 236.875 C 82.127 236.875 82.035 236.266 80.633 235.992 L 78.805 235.961 C 78.805 235.961 76.001 235.870 76.641 235.047 L 76.580 233.523 C 76.580 233.523 73.746 232.701 75.514 230.141 C 75.514 230.141 74.630 229.653 74.081 229.714 C 74.081 229.714 67.773 231.329 65.945 231.451 C 65.945 231.451 66.859 232.365 62.898 234.986 C 58.936 237.607 61.069 238.765 61.069 238.765 C 61.069 238.765 62.166 240.136 64.726 239.831 C 64.726 239.831 65.549 241.965 63.416 242.544 C 61.283 243.123 52.750 238.369 52.750 238.369 C 52.750 238.369 48.484 236.053 52.354 233.828 C 52.354 233.828 53.481 232.944 55.035 232.518 C 56.590 232.091 48.666 232.670 48.666 232.670 L 44.918 235.961 C 44.918 235.961 44.431 237.028 44.674 237.759 C 44.918 238.491 43.181 238.978 43.181 238.978 C 43.181 238.978 41.566 239.679 41.840 234.925 C 41.840 234.925 38.397 233.828 39.006 233.219 C 39.616 232.609 38.915 232.548 38.915 232.548 L 33.551 232.396 C 33.551 232.396 33.338 232.548 33.460 232.853 Z " transform="matrix(2.1159348487854004, -0.024550819769501686, 0.024550819769501686, 2.1159348487854004, -4.2, -421.1)"/>
                </g>
              </g>
              <path id="path115" fill="none" stroke="#000000" stroke-width="1.3" stroke-linecap="butt" stroke-linejoin="miter" d="M 87.520 237.089 C 87.520 237.089 85.448 239.313 86.941 242.269 C 86.941 242.269 90.872 244.921 93.006 243.366 L 90.263 240.045 C 90.263 240.045 88.526 239.405 88.526 238.582 C 88.526 237.759 87.520 237.089 87.520 237.089 Z " transform="matrix(2.1159348487854004, -0.024550819769501686, 0.024550819769501686, 2.1159348487854004, -4.2, -421.1)"/>
            </g>
          </g>
          <path id="path136" fill="none" stroke="#000000" stroke-width="1.3" stroke-linecap="butt" stroke-linejoin="miter" d="M 92.396 240.258 L 94.407 243.305 L 95.626 243.214 C 95.626 243.214 96.723 244.342 97.668 243.549 L 94.956 238.978 L 94.986 235.931 C 94.986 235.931 92.335 233.523 92.305 232.335 C 92.305 232.335 90.751 231.847 89.501 232.213 C 89.501 232.213 89.044 234.956 90.354 235.474 C 91.665 235.992 93.341 238.338 93.310 238.734 C 93.280 239.131 93.646 239.801 92.396 240.258 Z " transform="matrix(2.1159348487854004, -0.024550819769501686, 0.024550819769501686, 2.1159348487854004, -4.2, -421.1)"/>
        </g>
      </g>
      <path id="path160" fill="none" stroke="#000000" stroke-width="1.3" stroke-linecap="butt" stroke-linejoin="miter" d="M 75.087 263.052 C 75.087 263.052 74.996 265.064 74.417 265.886 C 74.417 265.886 77.312 266.740 76.641 267.898 L 77.738 267.837 C 77.738 267.837 77.616 267.014 76.611 266.526 C 76.611 266.526 76.519 264.027 75.940 263.662 Z " transform="matrix(2.1159348487854004, -0.024550819769501686, 0.024550819769501686, 2.1159348487854004, -4.2, -421.1)"/>
    </g>
  </g>
</svg>